[0, 0, 0, 0, 0, 0] [6] -> 0.0
[0, 0, 0, 0, 0, 1] [5, 1] -> 11.36712
[0, 0, 0, 0, 1, 1] [4, 2] -> 16.74301
[0, 0, 0, 0, 1, 2] [4, 1, 1] -> 17.86152
[0, 0, 0, 1, 1, 1] [3, 3] -> 18.45421
[0, 0, 0, 1, 1, 2] [3, 2, 1] -> 20.78583
[0, 0, 0, 1, 2, 3] [3, 1, 1, 1] -> 21.72478
[0, 0, 1, 1, 2, 2] [2, 2, 2] -> 22.03553
[0, 0, 1, 1, 2, 3] [2, 2, 1, 1] -> 23.0448
[0, 0, 1, 2, 3, 4] [2, 1, 1, 1, 1] -> 24.02415
[0, 1, 2, 3, 4, 5] [1, 1, 1, 1, 1, 1] -> 24.94816

[0, 0, 0, 0, 0, 0, 0] [7] -> 0.0
[0, 0, 0, 0, 0, 0, 1] [6, 1] -> 14.70951
[0, 0, 0, 0, 0, 1, 1] [5, 2] -> 22.37691
[0, 0, 0, 0, 0, 1, 2] [5, 1, 1] -> 23.44945
[0, 0, 0, 0, 1, 1, 1] [4, 3] -> 25.89858
[0, 0, 0, 0, 1, 1, 2] [4, 2, 1] -> 28.05913
[0, 0, 0, 0, 1, 2, 3] [4, 1, 1, 1] -> 29.06357
[0, 0, 0, 1, 1, 1, 2] [3, 3, 1] -> 29.6047
[0, 0, 0, 1, 1, 2, 2] [3, 2, 2] -> 30.83623
[0, 0, 0, 1, 1, 2, 3] [3, 2, 1, 1] -> 31.65182
[0, 0, 0, 1, 2, 3, 4] [3, 1, 1, 1, 1] -> 32.81322
[0, 0, 1, 1, 2, 2, 3] [2, 2, 2, 1] -> 33.02048
[0, 0, 1, 1, 2, 3, 4] [2, 2, 1, 1, 1] -> 34.02816
[0, 0, 1, 2, 3, 4, 5] [2, 1, 1, 1, 1, 1] -> 34.9592
[0, 1, 2, 3, 4, 5, 6] [1, 1, 1, 1, 1, 1, 1] -> 36.06165

[0, 0, 0, 0, 0, 0, 0, 0] [8] -> 0.0
[0, 0, 0, 0, 0, 0, 0, 1] [7, 1] -> 18.150312
[0, 0, 0, 0, 0, 0, 1, 1] [6, 2] -> 28.208706
[0, 0, 0, 0, 0, 0, 1, 2] [6, 1, 1] -> 29.349156
[0, 0, 0, 0, 0, 1, 1, 1] [5, 3] -> 33.782794
[0, 0, 0, 0, 0, 1, 1, 2] [5, 2, 1] -> 35.960286
[0, 0, 0, 0, 0, 1, 2, 3] [5, 1, 1, 1] -> 36.89984
[0, 0, 0, 0, 1, 1, 1, 1] [4, 4] -> 35.57253
[0, 0, 0, 0, 1, 1, 1, 2] [4, 3, 1] -> 39.087348
[0, 0, 0, 0, 1, 1, 2, 2] [4, 2, 2] -> 40.281668
[0, 0, 0, 0, 1, 1, 2, 3] [4, 2, 1, 1] -> 41.279916
[0, 0, 0, 0, 1, 2, 3, 4] [4, 1, 1, 1, 1] -> 42.240758
[0, 0, 0, 1, 1, 1, 2, 2] [3, 3, 2] -> 41.685652
[0, 0, 0, 1, 1, 1, 2, 3] [3, 3, 1, 1] -> 42.624438
[0, 0, 0, 1, 1, 2, 2, 3] [3, 2, 2, 1] -> 43.826188
[0, 0, 0, 1, 1, 2, 3, 4] [3, 2, 1, 1, 1] -> 44.82602
[0, 0, 0, 1, 2, 3, 4, 5] [3, 1, 1, 1, 1, 1] -> 45.867532
[0, 0, 1, 1, 2, 2, 3, 3] [2, 2, 2, 2] -> 45.044032
[0, 0, 1, 1, 2, 2, 3, 4] [2, 2, 2, 1, 1] -> 46.034752
[0, 0, 1, 1, 2, 3, 4, 5] [2, 2, 1, 1, 1, 1] -> 46.995978
[0, 0, 1, 2, 3, 4, 5, 6] [2, 1, 1, 1, 1, 1, 1] -> 47.939942
[0, 1, 2, 3, 4, 5, 6, 7] [1, 1, 1, 1, 1, 1, 1, 1] -> 48.950982

